(0, 0)
00000000
00000000
01111111
00000000
00111111
00000000
01111111
00000000
00000000
00000000
00000000
00000000
00000000
00000000
00000000
(0, 8)
00000000
00000000
00000001
00000001
00000001
00000011
00000011
00000011
00000000
00000000
00000000
00000000
00000000
00000000
00000000
(0, 16)
00000011
00000000
00000000
00111111
00100000
00100000
00100000
00100000
00000000
00000000
00000000
00000000
00000000
00000000
00000000
(0, 24)
00100000
00100000
00100000
00100000
00111111
00001000
00001000
11111111
00000000
00000000
00000000
00000000
00000000
00000000
00000000
(8, 0)
00000000
00000000
11111110
00000000
11111100
00000000
11111110
00000000
00000000
00000000
00000000
00000000
00000000
00000000
00000000
(8, 8)
00000000
00000000
01111110
01000010
01000010
01100010
01100010
01100010
00000000
00000000
00000000
00000000
00000000
00000000
00000000
(8, 16)
01100010
00000000
00000000
11111111
00000000
00000000
00000000
00000000
00000000
00000000
00000000
00000000
00000000
00000000
00000000
(8, 24)
00000000
00000000
00000000
00000000
11111111
00000000
00000000
11111111
00000000
00000000
00000000
00000000
00000000
00000000
00000000
(16, 0)
00000000
01111101
00000000
01000001
01111101
00000101
01111101
01111101
00000000
00000000
00000000
00000000
00000000
00000000
00000000
(16, 8)
00000000
00000000
11000010
11000010
11000110
01000100
01101100
00101000
00000000
00000000
00000000
00000000
00000000
00000000
00000000
(16, 16)
00111000
00000000
00000000
11111111
00000000
00000000
00000000
00000000
00000000
00000000
00000000
00000000
00000000
00000000
00000000
(16, 24)
00000000
00000000
00000000
00000000
11111111
00000000
00000000
11111111
00000000
00000000
00000000
00000000
00000000
00000000
00000000
(24, 0)
00000000
11110111
00010000
00010100
11110111
11110111
00000100
00000100
00000000
00000000
00000000
00000000
00000000
00000000
00000000
(24, 8)
00000000
00000000
01111100
01000100
11111110
11000010
11000010
11000010
00000000
00000000
00000000
00000000
00000000
00000000
00000000
(24, 16)
11000010
00000000
00000000
11111111
00000000
00000000
00000000
00000000
00000000
00000000
00000000
00000000
00000000
00000000
00000000
(24, 24)
00000000
00000000
00000000
00000000
11111111
00000000
00000000
11111111
00000000
00000000
00000000
00000000
00000000
00000000
00000000
(32, 0)
00000000
11101111
00100000
00101000
11101000
11101000
00101111
00101111
00000000
00000000
00000000
00000000
00000000
00000000
00000000
(32, 8)
00000000
00000000
11111001
10000101
11000101
11000101
11000101
11000101
00000000
00000000
00000000
00000000
00000000
00000000
00000000
(32, 16)
11111001
00000000
00000000
11111111
00000000
00000000
00000000
00000000
00000000
00000000
00000000
00000000
00000000
00000000
00000000
(32, 24)
00000000
00000000
00000000
00000000
11111111
00000000
00000000
11111111
00000000
00000000
00000000
00000000
00000000
00000000
00000000
(40, 0)
00000000
10111110
00000000
00100000
00110000
00100000
10111110
10111110
00000000
00000000
00000000
00000000
00000000
00000000
00000000
(40, 8)
00000000
00000000
11110111
00000100
11100111
10000101
10000101
10000100
00000000
00000000
00000000
00000000
00000000
00000000
00000000
(40, 16)
11110100
00000000
00000000
11111111
00000000
00000000
00000000
00000000
00000000
00000000
00000000
00000000
00000000
00000000
00000000
(40, 24)
00000000
00000000
00000000
00000000
11111111
00000000
00000000
11111111
00000000
00000000
00000000
00000000
00000000
00000000
00000000
(48, 0)
00000000
00000000
01111111
00000000
00111111
00000000
01111111
00000000
00000000
00000000
00000000
00000000
00000000
00000000
00000000
(48, 8)
00000000
00000000
11101111
00101000
11101111
00000000
11100000
01100000
00000000
00000000
00000000
00000000
00000000
00000000
00000000
(48, 16)
01101111
00000000
00000000
11111111
00000000
00000000
00000000
00000000
00000000
00000000
00000000
00000000
00000000
00000000
00000000
(48, 24)
00000000
00000000
00000000
00000000
11111111
00000000
00000000
11111111
00000000
00000000
00000000
00000000
00000000
00000000
00000000
(56, 0)
00000000
00000000
11111110
00000000
11111100
00000000
11111110
00000000
00000000
00000000
00000000
00000000
00000000
00000000
00000000
(56, 8)
00000000
00000000
11000000
00000000
11000000
11000000
11000000
11000000
00000000
00000000
00000000
00000000
00000000
00000000
00000000
(56, 16)
11000000
00000000
00000000
11111100
00000100
00000100
00000100
00000100
00000000
00000000
00000000
00000000
00000000
00000000
00000000
(56, 24)
00000100
00000100
00000100
00000100
11111100
00010000
00010000
11111111
00000000
00000000
00000000
00000000
00000000
00000000
00000000
(4, 21)
00000000
00000000
00000000
00000000
00000000
00000000
00010000
11111111
00000000
00000000
00000000
00000000
00000000
00000000
00000000
(12, 21)
00000000
00000000
00000000
00000000
00000000
00000000
00010000
11111111
00000000
00000000
00000000
00000000
00000000
00000000
00000000
(20, 21)
00000000
00000000
00000000
00000000
00000000
00000000
00010000
11111111
00000000
00000000
00000000
00000000
00000000
00000000
00000000
(28, 21)
00000000
00000000
00000000
00000000
00000000
00000000
00010000
11111111
00000000
00000000
00000000
00000000
00000000
00000000
00000000
(36, 21)
00000000
00000000
00000000
00000000
00000000
00000000
00010000
11111111
00000000
00000000
00000000
00000000
00000000
00000000
00000000
(44, 21)
00000000
00000000
00000000
00000000
00000000
00000000
00010000
11111111
00000000
00000000
00000000
00000000
00000000
00000000
00000000
(52, 21)
00000000
00000000
00000000
00000000
00000000
00000000
00010000
11111111
00000000
00000000
00000000
00000000
00000000
00000000
00000000
(4, 21)
00000000
00000000
00000000
00000000
00000000
00000000
00010000
11111111
00000000
00000000
00000000
00000000
00000000
00000000
00000000
(12, 21)
00000000
00000000
00000000
00000000
00000000
00000000
00010000
11111111
00000000
00000000
00000000
00000000
00000000
00000000
00000000
(20, 21)
00000000
00000000
00000000
00000000
00000000
00000000
00010000
11111111
00000000
00000000
00000000
00000000
00000000
00000000
00000000
(28, 21)
00000000
00000000
00000000
00000000
00000000
00000000
00010000
11111111
00000000
00000000
00000000
00000000
00000000
00000000
00000000
(36, 21)
00000000
00000000
00000000
00000000
00000000
00000000
00010000
11111111
00000000
00000000
00000000
00000000
00000000
00000000
00000000
(44, 21)
00000000
00000000
00000000
00000000
00000000
00000000
00010000
11111111
00000000
00000000
00000000
00000000
00000000
00000000
00000000
(52, 21)
00000000
00000000
00000000
00000000
00000000
00000000
00010000
11111111
00000000
00000000
00000000
00000000
00000000
00000000
00000000
(4, 21)
00000000
00000000
00000000
00000000
00000000
00000000
00010000
11111111
00000000
00000000
00000000
00000000
00000000
00000000
00000000
(12, 21)
00000000
00000000
00000000
00000000
00000000
00000000
00010000
11111111
00000000
00000000
00000000
00000000
00000000
00000000
00000000
(20, 21)
00000000
00000000
00000000
00000000
00000000
00000000
00010000
11111111
00000000
00000000
00000000
00000000
00000000
00000000
00000000
(28, 21)
00000000
00000000
00000000
00000000
00000000
00000000
00010000
11111111
00000000
00000000
00000000
00000000
00000000
00000000
00000000
(36, 21)
00000000
00000000
00000000
00000000
00000000
00000000
00010000
11111111
00000000
00000000
00000000
00000000
00000000
00000000
00000000
(44, 21)
00000000
00000000
00000000
00000000
00000000
00000000
00010000
11111111
00000000
00000000
00000000
00000000
00000000
00000000
00000000
(52, 21)
11111110
11000000
11111110
00000010
00000010
11111110
00010000
11111111
00000000
00000000
00000000
00000000
00000000
00000000
00000000
(4, 21)
00000000
00000000
00000000
00000000
00000000
00000000
00010000
11111111
00000000
00000000
00000000
00000000
00000000
00000000
00000000
(12, 21)
00000000
00000000
00000000
00000000
00000000
00000000
00010000
11111111
00000000
00000000
00000000
00000000
00000000
00000000
00000000
(20, 21)
00000000
00000000
00000000
00000000
00000000
00000000
00010000
11111111
00000000
00000000
00000000
00000000
00000000
00000000
00000000
(28, 21)
00000000
00000000
00000000
00000000
00000000
00000000
00010000
11111111
00000000
00000000
00000000
00000000
00000000
00000000
00000000
(36, 21)
00000000
00000000
00000000
00000000
00000000
00000000
00010000
11111111
00000000
00000000
00000000
00000000
00000000
00000000
00000000
(44, 21)
00000000
00000000
00000000
00000000
00000000
00000000
00010000
11111111
00000000
00000000
00000000
00000000
00000000
00000000
00000000
(52, 21)
11111110
11000000
11111110
00000010
00000010
11111110
00010000
11111111
00000000
00000000
00000000
00000000
00000000
00000000
00000000
(4, 21)
00000000
00000000
00000000
00000000
00000000
00000000
00010000
11111111
00000000
00000000
00000000
00000000
00000000
00000000
00000000
(12, 21)
00000000
00000000
00000000
00000000
00000000
00000000
00010000
11111111
00000000
00000000
00000000
00000000
00000000
00000000
00000000
(20, 21)
00000000
00000000
00000000
00000000
00000000
00000000
00010000
11111111
00000000
00000000
00000000
00000000
00000000
00000000
00000000
(28, 21)
00000000
00000000
00000000
00000000
00000000
00000000
00010000
11111111
00000000
00000000
00000000
00000000
00000000
00000000
00000000
(36, 21)
00000000
00000000
00000000
00000000
00000000
00000000
00010000
11111111
00000000
00000000
00000000
00000000
00000000
00000000
00000000
(44, 21)
11111110
11000000
11111110
00000010
00000010
11111110
00010000
11111111
00000000
00000000
00000000
00000000
00000000
00000000
00000000
(52, 21)
11111110
10000010
11111110
11000000
11000000
11000000
00010000
11111111
00000000
00000000
00000000
00000000
00000000
00000000
00000000
(4, 21)
00000000
00000000
00000000
00000000
00000000
00000000
00010000
11111111
00000000
00000000
00000000
00000000
00000000
00000000
00000000
(12, 21)
00000000
00000000
00000000
00000000
00000000
00000000
00010000
11111111
00000000
00000000
00000000
00000000
00000000
00000000
00000000
(20, 21)
00000000
00000000
00000000
00000000
00000000
00000000
00010000
11111111
00000000
00000000
00000000
00000000
00000000
00000000
00000000
(28, 21)
00000000
00000000
00000000
00000000
00000000
00000000
00010000
11111111
00000000
00000000
00000000
00000000
00000000
00000000
00000000
(36, 21)
00000000
00000000
00000000
00000000
00000000
00000000
00010000
11111111
00000000
00000000
00000000
00000000
00000000
00000000
00000000
(44, 21)
11111110
11000000
11111110
00000010
00000010
11111110
00010000
11111111
00000000
00000000
00000000
00000000
00000000
00000000
00000000
(52, 21)
11111110
10000010
11111110
11000000
11000000
11000000
00010000
11111111
00000000
00000000
00000000
00000000
00000000
00000000
00000000
(4, 21)
00000000
00000000
00000000
00000000
00000000
00000000
00010000
11111111
00000000
00000000
00000000
00000000
00000000
00000000
00000000
(12, 21)
00000000
00000000
00000000
00000000
00000000
00000000
00010000
11111111
00000000
00000000
00000000
00000000
00000000
00000000
00000000
(20, 21)
00000000
00000000
00000000
00000000
00000000
00000000
00010000
11111111
00000000
00000000
00000000
00000000
00000000
00000000
00000000
(28, 21)
00000000
00000000
00000000
00000000
00000000
00000000
00010000
11111111
00000000
00000000
00000000
00000000
00000000
00000000
00000000
(36, 21)
11111110
11000000
11111110
00000010
00000010
11111110
00010000
11111111
00000000
00000000
00000000
00000000
00000000
00000000
00000000
(44, 21)
11111110
10000010
11111110
11000000
11000000
11000000
00010000
11111111
00000000
00000000
00000000
00000000
00000000
00000000
00000000
(52, 21)
01111100
01000100
11111110
10000110
10000110
10000110
00010000
11111111
00000000
00000000
00000000
00000000
00000000
00000000
00000000
(4, 21)
00000000
00000000
00000000
00000000
00000000
00000000
00010000
11111111
00000000
00000000
00000000
00000000
00000000
00000000
00000000
(12, 21)
00000000
00000000
00000000
00000000
00000000
00000000
00010000
11111111
00000000
00000000
00000000
00000000
00000000
00000000
00000000
(20, 21)
00000000
00000000
00000000
00000000
00000000
00000000
00010000
11111111
00000000
00000000
00000000
00000000
00000000
00000000
00000000
(28, 21)
00000000
00000000
00000000
00000000
00000000
00000000
00010000
11111111
00000000
00000000
00000000
00000000
00000000
00000000
00000000
(36, 21)
11111110
11000000
11111110
00000010
00000010
11111110
00010000
11111111
00000000
00000000
00000000
00000000
00000000
00000000
00000000
(44, 21)
11111110
10000010
11111110
11000000
11000000
11000000
00010000
11111111
00000000
00000000
00000000
00000000
00000000
00000000
00000000
(52, 21)
01111100
01000100
11111110
10000110
10000110
10000110
00010000
11111111
00000000
00000000
00000000
00000000
00000000
00000000
00000000
(4, 21)
00000000
00000000
00000000
00000000
00000000
00000000
00010000
11111111
00000000
00000000
00000000
00000000
00000000
00000000
00000000
(12, 21)
00000000
00000000
00000000
00000000
00000000
00000000
00010000
11111111
00000000
00000000
00000000
00000000
00000000
00000000
00000000
(20, 21)
00000000
00000000
00000000
00000000
00000000
00000000
00010000
11111111
00000000
00000000
00000000
00000000
00000000
00000000
00000000
(28, 21)
11111110
11000000
11111110
00000010
00000010
11111110
00010000
11111111
00000000
00000000
00000000
00000000
00000000
00000000
00000000
(36, 21)
11111110
10000010
11111110
11000000
11000000
11000000
00010000
11111111
00000000
00000000
00000000
00000000
00000000
00000000
00000000
(44, 21)
01111100
01000100
11111110
10000110
10000110
10000110
00010000
11111111
00000000
00000000
00000000
00000000
00000000
00000000
00000000
(52, 21)
11111110
10000000
11000000
11000000
11000000
11111110
00010000
11111111
00000000
00000000
00000000
00000000
00000000
00000000
00000000
(4, 21)
00000000
00000000
00000000
00000000
00000000
00000000
00010000
11111111
00000000
00000000
00000000
00000000
00000000
00000000
00000000
(12, 21)
00000000
00000000
00000000
00000000
00000000
00000000
00010000
11111111
00000000
00000000
00000000
00000000
00000000
00000000
00000000
(20, 21)
00000000
00000000
00000000
00000000
00000000
00000000
00010000
11111111
00000000
00000000
00000000
00000000
00000000
00000000
00000000
(28, 21)
11111110
11000000
11111110
00000010
00000010
11111110
00010000
11111111
00000000
00000000
00000000
00000000
00000000
00000000
00000000
(36, 21)
11111110
10000010
11111110
11000000
11000000
11000000
00010000
11111111
00000000
00000000
00000000
00000000
00000000
00000000
00000000
(44, 21)
01111100
01000100
11111110
10000110
10000110
10000110
00010000
11111111
00000000
00000000
00000000
00000000
00000000
00000000
00000000
(52, 21)
11111110
10000000
11000000
11000000
11000000
11111110
00010000
11111111
00000000
00000000
00000000
00000000
00000000
00000000
00000000
(4, 21)
00000000
00000000
00000000
00000000
00000000
00000000
00010000
11111111
00000000
00000000
00000000
00000000
00000000
00000000
00000000
(12, 21)
00000000
00000000
00000000
00000000
00000000
00000000
00010000
11111111
00000000
00000000
00000000
00000000
00000000
00000000
00000000
(20, 21)
11111110
11000000
11111110
00000010
00000010
11111110
00010000
11111111
00000000
00000000
00000000
00000000
00000000
00000000
00000000
(28, 21)
11111110
10000010
11111110
11000000
11000000
11000000
00010000
11111111
00000000
00000000
00000000
00000000
00000000
00000000
00000000
(36, 21)
01111100
01000100
11111110
10000110
10000110
10000110
00010000
11111111
00000000
00000000
00000000
00000000
00000000
00000000
00000000
(44, 21)
11111110
10000000
11000000
11000000
11000000
11111110
00010000
11111111
00000000
00000000
00000000
00000000
00000000
00000000
00000000
(52, 21)
11111110
10000000
11111000
11000000
11000000
11111110
00010000
11111111
00000000
00000000
00000000
00000000
00000000
00000000
00000000
(4, 21)
00000000
00000000
00000000
00000000
00000000
00000000
00010000
11111111
00000000
00000000
00000000
00000000
00000000
00000000
00000000
(12, 21)
00000000
00000000
00000000
00000000
00000000
00000000
00010000
11111111
00000000
00000000
00000000
00000000
00000000
00000000
00000000
(20, 21)
11111110
11000000
11111110
00000010
00000010
11111110
00010000
11111111
00000000
00000000
00000000
00000000
00000000
00000000
00000000
(28, 21)
11111110
10000010
11111110
11000000
11000000
11000000
00010000
11111111
00000000
00000000
00000000
00000000
00000000
00000000
00000000
(36, 21)
01111100
01000100
11111110
10000110
10000110
10000110
00010000
11111111
00000000
00000000
00000000
00000000
00000000
00000000
00000000
(44, 21)
11111110
10000000
11000000
11000000
11000000
11111110
00010000
11111111
00000000
00000000
00000000
00000000
00000000
00000000
00000000
(52, 21)
11111110
10000000
11111000
11000000
11000000
11111110
00010000
11111111
00000000
00000000
00000000
00000000
00000000
00000000
00000000
(4, 21)
00000000
00000000
00000000
00000000
00000000
00000000
00010000
11111111
00000000
00000000
00000000
00000000
00000000
00000000
00000000
(12, 21)
11111110
11000000
11111110
00000010
00000010
11111110
00010000
11111111
00000000
00000000
00000000
00000000
00000000
00000000
00000000
(20, 21)
11111110
10000010
11111110
11000000
11000000
11000000
00010000
11111111
00000000
00000000
00000000
00000000
00000000
00000000
00000000
(28, 21)
01111100
01000100
11111110
10000110
10000110
10000110
00010000
11111111
00000000
00000000
00000000
00000000
00000000
00000000
00000000
(36, 21)
11111110
10000000
11000000
11000000
11000000
11111110
00010000
11111111
00000000
00000000
00000000
00000000
00000000
00000000
00000000
(44, 21)
11111110
10000000
11111000
11000000
11000000
11111110
00010000
11111111
00000000
00000000
00000000
00000000
00000000
00000000
00000000
(52, 21)
00000000
00000000
00000000
00000000
00000000
00000000
00010000
11111111
00000000
00000000
00000000
00000000
00000000
00000000
00000000
(4, 21)
00000000
00000000
00000000
00000000
00000000
00000000
00010000
11111111
00000000
00000000
00000000
00000000
00000000
00000000
00000000
(12, 21)
11111110
11000000
11111110
00000010
00000010
11111110
00010000
11111111
00000000
00000000
00000000
00000000
00000000
00000000
00000000
(20, 21)
11111110
10000010
11111110
11000000
11000000
11000000
00010000
11111111
00000000
00000000
00000000
00000000
00000000
00000000
00000000
(28, 21)
01111100
01000100
11111110
10000110
10000110
10000110
00010000
11111111
00000000
00000000
00000000
00000000
00000000
00000000
00000000
(36, 21)
11111110
10000000
11000000
11000000
11000000
11111110
00010000
11111111
00000000
00000000
00000000
00000000
00000000
00000000
00000000
(44, 21)
11111110
10000000
11111000
11000000
11000000
11111110
00010000
11111111
00000000
00000000
00000000
00000000
00000000
00000000
00000000
(52, 21)
00000000
00000000
00000000
00000000
00000000
00000000
00010000
11111111
00000000
00000000
00000000
00000000
00000000
00000000
00000000
(4, 21)
11111110
11000000
11111110
00000010
00000010
11111110
00010000
11111111
00000000
00000000
00000000
00000000
00000000
00000000
00000000
(12, 21)
11111110
10000010
11111110
11000000
11000000
11000000
00010000
11111111
00000000
00000000
00000000
00000000
00000000
00000000
00000000
(20, 21)
01111100
01000100
11111110
10000110
10000110
10000110
00010000
11111111
00000000
00000000
00000000
00000000
00000000
00000000
00000000
(28, 21)
11111110
10000000
11000000
11000000
11000000
11111110
00010000
11111111
00000000
00000000
00000000
00000000
00000000
00000000
00000000
(36, 21)
11111110
10000000
11111000
11000000
11000000
11111110
00010000
11111111
00000000
00000000
00000000
00000000
00000000
00000000
00000000
(44, 21)
00000000
00000000
00000000
00000000
00000000
00000000
00010000
11111111
00000000
00000000
00000000
00000000
00000000
00000000
00000000
(52, 21)
00010000
00010000
00010000
00010000
00010000
00010000
00010000
11111111
00000000
00000000
00000000
00000000
00000000
00000000
00000000
(4, 21)
11111110
11000000
11111110
00000010
00000010
11111110
00010000
11111111
00000000
00000000
00000000
00000000
00000000
00000000
00000000
(12, 21)
11111110
10000010
11111110
11000000
11000000
11000000
00010000
11111111
00000000
00000000
00000000
00000000
00000000
00000000
00000000
(20, 21)
01111100
01000100
11111110
10000110
10000110
10000110
00010000
11111111
00000000
00000000
00000000
00000000
00000000
00000000
00000000
(28, 21)
11111110
10000000
11000000
11000000
11000000
11111110
00010000
11111111
00000000
00000000
00000000
00000000
00000000
00000000
00000000
(36, 21)
11111110
10000000
11111000
11000000
11000000
11111110
00010000
11111111
00000000
00000000
00000000
00000000
00000000
00000000
00000000
(44, 21)
00000000
00000000
00000000
00000000
00000000
00000000
00010000
11111111
00000000
00000000
00000000
00000000
00000000
00000000
00000000
(52, 21)
00010000
00010000
00010000
00010000
00010000
00010000
00010000
11111111
00000000
00000000
00000000
00000000
00000000
00000000
00000000
(4, 21)
11111110
10000010
11111110
11000000
11000000
11000000
00010000
11111111
00000000
00000000
00000000
00000000
00000000
00000000
00000000
(12, 21)
01111100
01000100
11111110
10000110
10000110
10000110
00010000
11111111
00000000
00000000
00000000
00000000
00000000
00000000
00000000
(20, 21)
11111110
10000000
11000000
11000000
11000000
11111110
00010000
11111111
00000000
00000000
00000000
00000000
00000000
00000000
00000000
(28, 21)
11111110
10000000
11111000
11000000
11000000
11111110
00010000
11111111
00000000
00000000
00000000
00000000
00000000
00000000
00000000
(36, 21)
00000000
00000000
00000000
00000000
00000000
00000000
00010000
11111111
00000000
00000000
00000000
00000000
00000000
00000000
00000000
(44, 21)
00010000
00010000
00010000
00010000
00010000
00010000
00010000
11111111
00000000
00000000
00000000
00000000
00000000
00000000
00000000
(52, 21)
11111110
10000010
10000110
10000110
10000110
10000110
00010000
11111111
00000000
00000000
00000000
00000000
00000000
00000000
00000000
(4, 21)
11111110
10000010
11111110
11000000
11000000
11000000
00010000
11111111
00000000
00000000
00000000
00000000
00000000
00000000
00000000
(12, 21)
01111100
01000100
11111110
10000110
10000110
10000110
00010000
11111111
00000000
00000000
00000000
00000000
00000000
00000000
00000000
(20, 21)
11111110
10000000
11000000
11000000
11000000
11111110
00010000
11111111
00000000
00000000
00000000
00000000
00000000
00000000
00000000
(28, 21)
11111110
10000000
11111000
11000000
11000000
11111110
00010000
11111111
00000000
00000000
00000000
00000000
00000000
00000000
00000000
(36, 21)
00000000
00000000
00000000
00000000
00000000
00000000
00010000
11111111
00000000
00000000
00000000
00000000
00000000
00000000
00000000
(44, 21)
00010000
00010000
00010000
00010000
00010000
00010000
00010000
11111111
00000000
00000000
00000000
00000000
00000000
00000000
00000000
(52, 21)
11111110
10000010
10000110
10000110
10000110
10000110
00010000
11111111
00000000
00000000
00000000
00000000
00000000
00000000
00000000
(4, 21)
01111100
01000100
11111110
10000110
10000110
10000110
00010000
11111111
00000000
00000000
00000000
00000000
00000000
00000000
00000000
(12, 21)
11111110
10000000
11000000
11000000
11000000
11111110
00010000
11111111
00000000
00000000
00000000
00000000
00000000
00000000
00000000
(20, 21)
11111110
10000000
11111000
11000000
11000000
11111110
00010000
11111111
00000000
00000000
00000000
00000000
00000000
00000000
00000000
(28, 21)
00000000
00000000
00000000
00000000
00000000
00000000
00010000
11111111
00000000
00000000
00000000
00000000
00000000
00000000
00000000
(36, 21)
00010000
00010000
00010000
00010000
00010000
00010000
00010000
11111111
00000000
00000000
00000000
00000000
00000000
00000000
00000000
(44, 21)
11111110
10000010
10000110
10000110
10000110
10000110
00010000
11111111
00000000
00000000
00000000
00000000
00000000
00000000
00000000
(52, 21)
10000010
10000010
10000010
11101110
00111000
00010000
00010000
11111111
00000000
00000000
00000000
00000000
00000000
00000000
00000000
(4, 21)
01111100
01000100
11111110
10000110
10000110
10000110
00010000
11111111
00000000
00000000
00000000
00000000
00000000
00000000
00000000
(12, 21)
11111110
10000000
11000000
11000000
11000000
11111110
00010000
11111111
00000000
00000000
00000000
00000000
00000000
00000000
00000000
(20, 21)
11111110
10000000
11111000
11000000
11000000
11111110
00010000
11111111
00000000
00000000
00000000
00000000
00000000
00000000
00000000
(28, 21)
00000000
00000000
00000000
00000000
00000000
00000000
00010000
11111111
00000000
00000000
00000000
00000000
00000000
00000000
00000000
(36, 21)
00010000
00010000
00010000
00010000
00010000
00010000
00010000
11111111
00000000
00000000
00000000
00000000
00000000
00000000
00000000
(44, 21)
11111110
10000010
10000110
10000110
10000110
10000110
00010000
11111111
00000000
00000000
00000000
00000000
00000000
00000000
00000000
(52, 21)
10000010
10000010
10000010
11101110
00111000
00010000
00010000
11111111
00000000
00000000
00000000
00000000
00000000
00000000
00000000
(4, 21)
11111110
10000000
11000000
11000000
11000000
11111110
00010000
11111111
00000000
00000000
00000000
00000000
00000000
00000000
00000000
(12, 21)
11111110
10000000
11111000
11000000
11000000
11111110
00010000
11111111
00000000
00000000
00000000
00000000
00000000
00000000
00000000
(20, 21)
00000000
00000000
00000000
00000000
00000000
00000000
00010000
11111111
00000000
00000000
00000000
00000000
00000000
00000000
00000000
(28, 21)
00010000
00010000
00010000
00010000
00010000
00010000
00010000
11111111
00000000
00000000
00000000
00000000
00000000
00000000
00000000
(36, 21)
11111110
10000010
10000110
10000110
10000110
10000110
00010000
11111111
00000000
00000000
00000000
00000000
00000000
00000000
00000000
(44, 21)
10000010
10000010
10000010
11101110
00111000
00010000
00010000
11111111
00000000
00000000
00000000
00000000
00000000
00000000
00000000
(52, 21)
01111100
01000100
11111110
10000110
10000110
10000110
00010000
11111111
00000000
00000000
00000000
00000000
00000000
00000000
00000000
(4, 21)
11111110
10000000
11000000
11000000
11000000
11111110
00010000
11111111
00000000
00000000
00000000
00000000
00000000
00000000
00000000
(12, 21)
11111110
10000000
11111000
11000000
11000000
11111110
00010000
11111111
00000000
00000000
00000000
00000000
00000000
00000000
00000000
(20, 21)
00000000
00000000
00000000
00000000
00000000
00000000
00010000
11111111
00000000
00000000
00000000
00000000
00000000
00000000
00000000
(28, 21)
00010000
00010000
00010000
00010000
00010000
00010000
00010000
11111111
00000000
00000000
00000000
00000000
00000000
00000000
00000000
(36, 21)
11111110
10000010
10000110
10000110
10000110
10000110
00010000
11111111
00000000
00000000
00000000
00000000
00000000
00000000
00000000
(44, 21)
10000010
10000010
10000010
11101110
00111000
00010000
00010000
11111111
00000000
00000000
00000000
00000000
00000000
00000000
00000000
